7

4 4
4
1 1
1 2
2 1
2 2
1 1

5 5
3
2 1
2 2
2 3
2 1

5 5
4
1 2
2 1
2 3
3 2
1 1

5 6
6
1 2
1 3
2 1
2 4
3 2
3 3
1 1

6 6
5
1 2
2 3
3 1
3 2
3 3
4 1

43 43
700
3 2
32 12
1 2
16 13
1 32
23 26
31 3
32 3
2 22
6 11
11 32
23 22
2 16
20 20
3 32
22 22
0 16
12 3
31 2
21 23
33 36
36 3
32 12
32 21
32 22
21 1
33 21
23 0
2 33
21 0
20 1
6 2
20 1
1 20
32 13
21 21
31 22
30 2
32 1
12 20
36 22
12 32
36 13
1 33
26 22
13 2
30 12
36 32
31 13
22 12
32 12
31 22
21 12
21 31
21 26
20 32
12 30
12 10
16 22
12 26
16 10
13 26
22 22
23 10
31 12
23 33
22 2
32 31
10 21
23 2
12 21
12 12
21 22
2 20
22 6
32 12
31 36
13 16
23 2
23 22
12 23
21 23
22 21
32 21
16 3
13 16
13 31
31 33
31 26
30 12
1 23
20 22
10 30
22 0
0 32
2 32
22 32
32 33
1 26
0 22
22 33
11 2
12 20
31 30
32 31
3 32
22 3
32 22
33 3
10 2
31 13
2 21
21 23
23 3
1 11
12 33
22 13
30 20
3 23
3 31
22 2
21 1
22 23
32 32
20 2
32 10
12 13
3 22
32 21
22 32
20 1
12 31
3 32
1 33
3 22
12 20
2 22
31 20
2 0
2 22
2 22
2 2
10 2
13 0
22 3
11 22
21 33
22 22
2 23
21 12
22 23
0 11
23 2
13 32
2 21
12 22
21 20
20 12
22 21
13 33
3 13
12 21
32 22
13 2
12 11
22 1
32 11
13 20
3 13
33 11
32 13
11 33
21 22
2 21
30 20
33 23
23 32
12 30
12 3
2 10
23 32
10 22
2 21
3 20
20 11
2 26
22 33
13 2
23 1
12 16
33 2
22 6
30 31
32 22
22 2
2 2
31 23
12 13
31 31
21 6
20 22
22 1
16 2
23 0
36 20
13 32
13 23
23 16
33 12
1 22
32 12
20 2
21 20
32 3
33 31
13 2
13 21
32 26
32 11
3 12
1 22
32 13
2 20
2 22
33 32
20 12
11 22
32 12
21 26
6 20
3 12
3 3
20 13
23 6
2 32
0 32
22 21
22 13
33 20
33 12
32 32
26 12
26 3
12 33
31 10
23 2
0 33
1 31
12 30
33 1
11 2
30 21
1 13
23 12
36 6
32 2
36 21
10 31
20 11
12 2
21 0
0 23
33 22
32 12
33 22
32 32
32 1
33 20
30 6
32 33
2 22
22 21
13 2
22 33
2 23
1 16
12 23
2 12
12 33
31 16
11 13
23 22
22 23
12 26
26 2
21 32
2 32
13 26
22 16
11 32
1 22
36 2
12 16
32 22
21 20
2 32
21 3
23 13
12 1
22 12
22 3
11 31
2 13
2 1
13 13
22 23
22 3
32 0
22 0
1 2
30 2
33 13
20 33
22 30
2 20
22 2
12 12
23 21
10 20
13 30
32 13
21 32
16 31
12 21
22 6
11 0
33 2
22 12
20 12
2 12
1 30
23 3
32 32
22 32
2 2
13 1
2 21
23 11
11 36
0 13
20 3
2 36
33 21
32 2
32 23
12 16
22 22
2 32
32 31
33 20
23 11
20 22
12 12
3 2
22 13
22 12
12 6
12 21
31 22
21 12
21 23
33 12
11 13
21 16
31 33
21 16
20 11
31 12
11 13
3 10
2 23
12 22
21 33
1 1
3 32
13 13
26 12
32 33
22 12
32 1
2 2
11 32
30 1
30 6
22 23
3 12
33 16
2 21
31 21
21 21
26 33
16 13
32 2
11 2
10 22
22 22
32 12
1 33
21 3
16 23
26 22
31 32
31 12
11 32
22 32
1 21
31 12
26 2
13 23
23 21
12 6
12 26
2 2
11 22
2 32
36 23
31 2
22 6
22 2
13 32
36 33
26 2
2 32
21 22
31 6
13 11
1 21
36 16
31 2
1 22
10 3
12 2
33 31
2 10
36 32
0 12
16 2
32 21
26 11
23 31
12 13
2 12
12 6
21 13
20 12
22 31
20 36
2 13
33 23
20 1
32 0
21 22
12 21
20 32
12 22
16 33
11 12
30 12
10 13
22 12
32 13
30 2
22 12
32 31
2 10
12 6
33 6
21 12
10 2
26 12
11 21
32 12
32 30
30 2
13 22
21 36
21 22
1 13
30 12
12 12
21 12
22 13
33 33
1 2
33 0
13 13
22 1
1 13
6 21
1 6
10 23
2 33
31 12
32 31
2 13
36 22
13 32
2 11
22 32
23 33
31 33
22 33
32 3
33 12
33 30
2 31
12 6
12 12
16 2
3 10
30 23
10 3
32 23
31 11
11 12
22 22
13 30
21 12
32 23
30 1
22 22
3 3
2 32
20 22
2 32
2 2
1 2
22 31
13 22
32 22
21 13
12 1
2 10
10 23
2 20
21 20
23 3
22 12
21 2
11 20
33 22
22 22
31 21
32 1
22 32
6 12
26 11
22 22
12 20
22 32
33 21
23 32
21 33
22 10
31 11
3 32
11 10
22 2
32 12
20 22
32 32
26 26
3 32
31 1
31 6
22 2
2 32
33 1
3 22
33 30
11 32
2 0
21 13
0 32
2 36
1 2
1 2
32 10
16 13
31 12
12 2
12 21
12 2
11 1
22 0
10 2
30 21
6 3
3 12
22 22
3 31
1 2
3 22
23 12
2 21
13 23
2 20
1 32
13 16
12 32
2 20
22 1
23 26
32 22
22 20
32 13
3 22
22 32
32 21
22 21
31 2
13 12
2 31
10 2
3 11
31 22
30 2
33 33
0 21
33 16
26 30
12 1
1 13
3 2
31 22
22 2
26 13
6 32
23 36
33 32
22 26
1 2
22 0
13 1
3 22
12 32
11 21
13 1
12 23
12 32
2 32
12 20
32 10
11 23
32 12
32 21
12 33
13 16
36 3
16 23
22 22
13 33
30 30
22 30
32 32
32 2
21 32
16 11
21 36
12 20
22 33
21 13
23 11
11 31
1 13
32 20
26 20
12 32
12 33
1 32
21 11
12 22
30 2
30 21
33 21
23 10
23 6
12 31
12 12
26 1
33 10
21 0
3 2
36 32
20 31
2 31
22 32
23 12
13 0
21 22
2 32
21 33
12 33
32 3
20 13
23 3
22 6
3 33
2 32
36 33
15 1

5 5 
20
1 1
1 4
0 0
4 4 
3 2
1 3
2 0
2 4
3 1
0 4
1 0
0 1
3 3 
2 1
0 3
4 3
4 2
2 3
0 3
4 0
5 1
